locale	neutName	rankF	rankM	countF	countM	totalF	totalM	rank.diff	rank.mean	count.mean	totalCount	logCount	abs
USA	Jordan	75	38	NA	NA	43090	100806	-37	56.5	71948	143896	11.876846	37
USA	Riley	67	107	NA	NA	45427	39526	40	87	42476.5	84953	11.349853	40
USA	Amari	456	415	NA	NA	6614	6560	-41	435.5	6587	13174	9.486	41
USA	Peyton	123	165	NA	NA	27395	24892	42	144	26143.5	52287	10.864503	42
USA	Jessie	524	462	NA	NA	5657	5583	-62	493	5620	11240	9.327234	62
USA	Skyler	309	243	NA	NA	10185	13987	-66	276	12086	24172	10.09295	66
USA	Reilly	1009	938	NA	NA	2434	1910	-71	973.5	2172	4344	8.376551	71
USA	Casey	346	271	NA	NA	9104	12234	-75	308.5	10669	21338	9.968245	75
USA	Angel	134	43	NA	NA	25313	94081	-91	88.5	59697	119394	11.690184	91
USA	Justice	515	403	NA	NA	5784	6885	-112	459	6334.5	12669	9.446913	112
USA	Harley	389	501	NA	NA	8179	5071	112	445	6625	13250	9.491753	112
USA	Payton	143	260	NA	NA	23324	12963	117	201.5	18143.5	36287	10.499215	117
USA	Emerson	485	604	NA	NA	6185	3751	119	544.5	4968	9936	9.20392	119
USA	Dakota	261	141	NA	NA	12342	28062	-120	201	20202	40404	10.606684	120
USA	Alexis	11	142	NA	NA	130448	27995	131	76.5	79221.5	158443	11.97315	131
USA	Avery	78	222	NA	NA	41604	15817	144	150	28710.5	57421	10.958165	144
USA	Shea	838	984	NA	NA	3046	1797	146	911	2421.5	4843	8.48529	146
USA	Jayden	232	51	NA	NA	13980	88121	-181	141.5	51050.5	102101	11.533718	181
USA	Reese	238	421	NA	NA	13793	6426	183	329.5	10109.5	20219	9.914378	183
USA	Dominique	471	661	NA	NA	6414	3235	190	566	4824.5	9649	9.17461	190
USA	Armani	862	670	NA	NA	2904	3212	-192	766	3058	6116	8.718664	192
USA	Taylor	17	210	NA	NA	100797	17626	193	113.5	59211.5	118423	11.682018	193
USA	Devyn	906	712	NA	NA	2772	2862	-194	809	2817	5634	8.636575	194
USA	Jaden	306	93	NA	NA	10327	46112	-213	199.5	28219.5	56439	10.940916	213
USA	Kasey	563	777	NA	NA	5215	2470	214	670	3842.5	7685	8.947026	214
USA	Rowan	692	477	NA	NA	3950	5461	-215	584.5	4705.5	9411	9.149634	215
USA	Hayden	304	87	NA	NA	10455	49933	-217	195.5	30194	60388	11.008546	217
USA	Campbell	851	1069	NA	NA	2955	1563	218	960	2259	4518	8.415825	218
USA	Sage	421	643	NA	NA	7236	3397	222	532	5316.5	10633	9.271718	222
USA	Cameron	270	39	NA	NA	11886	95636	-231	154.5	53761	107522	11.585451	231
USA	Jaylin	679	443	NA	NA	4060	5845	-236	561	4952.5	9905	9.200795	236
USA	Jaiden	506	246	NA	NA	5949	13749	-260	376	9849	19698	9.888272	260
USA	Skylar	156	433	NA	NA	21821	6147	277	294.5	13984	27968	10.238816	277
USA	Emery	752	1047	NA	NA	3536	1633	295	899.5	2584.5	5169	8.550435	295
USA	Bailey	89	404	NA	NA	36793	6884	315	246.5	21838.5	43677	10.684577	315
USA	Ariel	208	541	NA	NA	16190	4482	333	374.5	10336	20672	9.936535	333
USA	Morgan	31	367	NA	NA	70634	7821	336	199	39227.5	78455	11.27028	336
USA	London	351	692	NA	NA	8969	2963	341	521.5	5966	11932	9.386979	341
USA	Kendall	166	510	NA	NA	20990	5002	344	338	12996	25992	10.165544	344
USA	Quinn	635	288	NA	NA	4426	11057	-347	461.5	7741.5	15483	9.647498	347
USA	Sidney	379	729	NA	NA	8391	2719	350	554	5555	11110	9.315601	350
USA	Logan	380	28	NA	NA	8356	133709	-352	204	71032.5	142065	11.86404	352
USA	Jaidyn	718	1072	NA	NA	3780	1559	354	895	2669.5	5339	8.582794	354
USA	Teagan	475	836	NA	NA	6370	2241	361	655.5	4305.5	8611	9.060796	361
USA	Jamie	206	575	NA	NA	16460	4132	369	390.5	10296	20592	9.932658	369
USA	Phoenix	900	502	NA	NA	2796	5054	-398	701	3925	7850	8.968269	398
USA	Rory	1126	726	NA	NA	2078	2726	-400	926	2402	4804	8.477204	400
USA	Kayden	688	257	NA	NA	3976	13205	-431	472.5	8590.5	17181	9.751559	431
USA	Ashton	599	127	NA	NA	4771	32325	-472	363	18548	37096	10.521264	472
USA	Jadyn	344	816	NA	NA	9150	2327	472	580	5738.5	11477	9.3481	472
USA	Ryan	510	15	NA	NA	5885	172888	-495	262.5	89386.5	178773	12.093872	495
USA	Parker	661	114	NA	NA	4162	35640	-547	387.5	19901	39802	10.591672	547
USA	Addison	50	600	NA	NA	51213	3803	550	325	27508	55016	10.915379	550
USA	Charlie	921	351	NA	NA	2699	8330	-570	636	5514.5	11029	9.308283	570
USA	Haven	636	1225	NA	NA	4418	1275	589	930.5	2846.5	5693	8.646993	589
USA	Micah	742	152	NA	NA	3624	26872	-590	447	15248	30496	10.325351	590
USA	Harper	526	1122	NA	NA	5642	1450	596	824	3546	7092	8.866723	596
USA	Reagan	174	791	NA	NA	19929	2420	617	482.5	11174.5	22349	10.014537	617
USA	Tyler	649	16	NA	NA	4265	165133	-633	332.5	84699	169398	12.040006	633
USA	Guadalupe	257	893	NA	NA	12506	2040	636	575	7273	14546	9.585071	636
USA	Zion	919	281	NA	NA	2701	11583	-638	600	7142	14284	9.566895	638
USA	Dylan	663	23	NA	NA	4161	139803	-640	343	71982	143964	11.877319	640
USA	Ali	1013	373	NA	NA	2415	7711	-640	693	5063	10126	9.222862	640
USA	Elisha	1299	637	NA	NA	1698	3437	-662	968	2567.5	5135	8.543835	662
USA	Shannon	259	931	NA	NA	12439	1924	672	595	7181.5	14363	9.572411	672
USA	Rylee	154	828	NA	NA	21905	2268	674	491	12086.5	24173	10.092992	674
USA	Jordyn	167	864	NA	NA	20940	2149	697	515.5	11544.5	23089	10.047112	697
USA	Hunter	750	41	NA	NA	3562	94649	-709	395.5	49105.5	98211	11.494874	709
USA	Devin	846	88	NA	NA	2996	49281	-758	467	26138.5	52277	10.864312	758
USA	Noel	1211	446	NA	NA	1866	5797	-765	828.5	3831.5	7663	8.944159	765
USA	Camryn	224	998	NA	NA	14493	1762	774	611	8127.5	16255	9.696156	774
USA	Presley	463	1242	NA	NA	6529	1249	779	852.5	3889	7778	8.959055	779
USA	Reece	1172	392	NA	NA	1964	7202	-780	782	4583	9166	9.123256	780
USA	Jaime	1071	275	NA	NA	2245	12027	-796	673	7136	14272	9.566055	796
USA	Dallas	1147	342	NA	NA	2023	8616	-805	744.5	5319.5	10639	9.272282	805
USA	Devon	1000	182	NA	NA	2454	21555	-818	591	12004.5	24009	10.086184	818
USA	Eden	307	1133	NA	NA	10312	1436	826	720	5874	11748	9.371438	826
USA	Jaylen	1045	201	NA	NA	2327	18642	-844	623	10484.5	20969	9.9508	844
USA	Marley	352	1213	NA	NA	8964	1294	861	782.5	5129	10258	9.235813	861
USA	Carson	964	98	NA	NA	2553	44542	-866	531	23547.5	47095	10.759922	866
USA	Drew	1082	216	NA	NA	2199	16685	-866	649	9442	18884	9.84607	866
USA	Kamryn	297	1164	NA	NA	10650	1375	867	730.5	6012.5	12025	9.394743	867
USA	Christian	890	22	NA	NA	2821	141940	-868	456	72380.5	144761	11.882839	868
USA	Kennedy	121	1014	NA	NA	27496	1711	893	567.5	14603.5	29207	10.282164	893
USA	Kelly	158	1084	NA	NA	21584	1537	926	621	11560.5	23121	10.048497	926
USA	Courtney	126	1086	NA	NA	26925	1528	960	606	14226.5	28453	10.256009	960
USA	Aubrey	113	1100	NA	NA	29445	1509	987	606.5	15477	30954	10.340258	987
USA	Chandler	1275	287	NA	NA	1739	11214	-988	781	6476.5	12953	9.469083	988
USA	Tristen	1320	324	NA	NA	1660	9178	-996	822	5419	10838	9.290814	996
USA	Kai	1262	263	NA	NA	1764	12554	-999	762.5	7159	14318	9.569273	999
EW	Laurie	607.6	609.4	45.4	29.6	227	148	1.8	608.5	37.5	375	5.926926	1.8
EW	Taylor	116.6	104	428	481.2	2140	2406	-12.6	110.3	454.6	4546	8.422003	12.6
EW	Morgan	106.2	84.2	560.6	842.8	2803	4214	-22	95.2	701.7	7017	8.856091	22
EW	Remi	698	673.2	36.8	26.4	184	132	-24.8	685.6	31.6	316	5.755742	24.8
EW	Cody	379	339.6	87.2	77.8	436	389	-39.4	359.3	82.5	825	6.715383	39.4
EW	Christy	945.6	906	24.8	17.6	124	88	-39.6	925.8	21.2	212	5.356586	39.6
EW	Rio	607.2	649	43.6	37.2	218	186	41.8	628.1	40.4	404	6.001415	41.8
EW	Devon	384	327.4	87.2	76.6	436	383	-56.6	355.7	81.9	819	6.708084	56.6
EW	Gurpreet	891.4	954.6	24.8	15.8	124	79	63.2	923	20.3	203	5.313206	63.2
EW	Charlie	99.8	35.6	517.2	2235.8	2586	11179	-64.2	67.7	1376.5	13765	9.529884	64.2
EW	Jordan	92.8	13	588.4	4931.4	2942	24657	-79.8	52.9	2759.9	27599	10.225535	79.8
EW	Kiran	306.6	407.6	116.6	55.4	583	277	101	357.1	86	860	6.756932	101
EW	Casey	134.6	240.6	371	126.2	1855	631	106	187.6	248.6	2486	7.81843	106
EW	Tayler	671.6	783.4	36.8	20.8	184	104	111.8	727.5	28.8	288	5.66296	111.8
EW	Jaye	1028.6	908.8	20.8	16.8	104	84	-119.8	968.7	18.8	188	5.236442	119.8
EW	Kasey	517.2	639.6	53.4	28.6	267	143	122.4	578.4	41	410	6.016157	122.4
EW	Amrit	719	852.4	33.4	19.2	167	96	133.4	785.7	26.3	263	5.572154	133.4
EW	Alex	181.8	45	240.4	1626	1202	8130	-136.8	113.4	933.2	9332	9.141205	136.8
EW	Charley	155.6	293.6	293.2	92.2	1466	461	138	224.6	192.7	1927	7.56372	138
EW	Georgie	273.8	422.2	145.2	51.6	726	258	148.4	348	98.4	984	6.891626	148.4
EW	Remy	1060	899	22.4	17.6	112	88	-161	979.5	20	200	5.298317	161
EW	Ashley	231.4	58.8	186	1265.2	930	6326	-172.6	145.1	725.6	7256	8.889584	172.6
EW	Tyla	620.6	796.4	42	20.4	210	102	175.8	708.5	31.2	312	5.743003	175.8
EW	Tyler	235.8	58.4	171.8	1187.6	859	5938	-177.4	147.1	679.7	6797	8.824237	177.4
EW	Jamie	217.4	30.4	194.2	2537.4	971	12687	-187	123.9	1365.8	13658	9.522081	187
EW	Eden	212.8	411.6	204.4	52.8	1022	264	198.8	312.2	128.6	1286	7.159292	198.8
EW	Ellis	303.4	98.4	122.4	532.8	612	2664	-205	200.9	327.6	3276	8.094378	205
EW	Harley	414.8	197.4	79.8	167	399	835	-217.4	306.1	123.4	1234	7.118016	217.4
EW	Amandeep	953.8	735.8	24.4	23.6	122	118	-218	844.8	24	240	5.480639	218
EW	Brooklyn	771.8	510.2	35.4	27	177	135	-261.6	641	31.2	312	5.743003	261.6
EW	Brogan	276.8	547	137.6	33.4	688	167	270.2	411.9	85.5	855	6.751101	270.2
EW	Mackenzie	677.6	402.2	38.8	56.2	194	281	-275.4	539.9	47.5	475	6.163315	275.4
EW	Storm	755.4	1032.2	34	15.2	170	76	276.8	893.8	24.6	246	5.505332	276.8
EW	Rowan	449.4	168	67.4	204.4	337	1022	-281.4	308.7	135.9	1359	7.214504	281.4
EW	Leigh	350.8	632.4	99.8	32	499	160	281.6	491.6	65.9	659	6.490724	281.6
EW	Jamie-lee	534.6	823.6	51	19.4	255	97	289	679.1	35.2	352	5.863631	289
EW	Brodie	774	430	31.8	48.8	159	244	-344	602	40.3	403	5.998937	344
EW	Drew	548.4	202.8	49.2	164.8	246	824	-345.6	375.6	107	1070	6.975414	345.6
EW	Jaime	541.2	917.2	49.6	16.4	248	82	376	729.2	33	330	5.799093	376
EW	Levi	545.2	160	50.4	217.4	252	1087	-385.2	352.6	133.9	1339	7.199678	385.2
EW	Frankie	649.6	262.2	39	108	195	540	-387.4	455.9	73.5	735	6.59987	387.4
EW	Regan	583.8	186.8	46.4	185.4	232	927	-397	385.3	115.9	1159	7.055313	397
EW	Ashton	804.8	378	31.6	61.4	158	307	-426.8	591.4	46.5	465	6.142037	426.8
EW	Dion	731.4	279	33.4	97.2	167	486	-452.4	505.2	65.3	653	6.481577	452.4
EW	Bailey	596.4	136.6	49.4	411.2	247	2056	-459.8	366.5	230.3	2303	7.741968	459.8
EW	Jody	536.6	1005.6	51.6	14.8	258	74	469	771.1	33.2	332	5.805135	469
EW	Ashleigh	83.4	608.8	720.2	32.8	3601	164	525.4	346.1	376.5	3765	8.233503	525.4
EW	Jorden	1156.4	627.8	18.4	28	92	140	-528.6	892.1	23.2	232	5.446737	528.6
EW	Reagan	1146.4	600	17.6	33.8	88	169	-546.4	873.2	25.7	257	5.549076	546.4
EW	Alix	409.2	957	79.2	16.2	396	81	547.8	683.1	47.7	477	6.167516	547.8
EW	Alexis	510.6	1067.8	55	14.6	275	73	557.2	789.2	34.8	348	5.852202	557.2
EW	Courtney	25.4	604.2	2376.4	47.8	11882	239	578.8	314.8	1212.1	12121	9.402695	578.8
EW	Sacha	440.8	1036.8	68.4	15.8	342	79	596	738.8	42.1	421	6.042633	596
EW	Kelsey	100.8	751.8	496.2	22.6	2481	113	651	426.3	259.4	2594	7.860956	651
EW	Sydney	286	968.2	138	15.4	690	77	682.2	627.1	76.7	767	6.642487	682.2
EW	Stevie	450.8	1140.2	69	13.6	345	68	689.4	795.5	41.3	413	6.023448	689.4
EW	Darcy	290.6	1022.2	128.4	14.2	642	71	731.6	656.4	71.3	713	6.569481	731.6
EW	Jay	832	76	27.4	773.4	137	3867	-756	454	400.4	4004	8.295049	756
EW	Paris	232	1011.4	177.2	14.4	886	72	779.4	621.7	95.8	958	6.864848	779.4
EW	Simran	185.4	1062.2	234.4	14.8	1172	74	876.8	623.8	124.6	1246	7.127694	876.8
EW	Jude	1278.8	401.8	15	84.8	75	424	-877	840.3	49.9	499	6.212606	877
EW	Finlay	1081.8	204.6	21	232.6	105	1163	-877.2	643.2	126.8	1268	7.145196	877.2
EW	Jordon	1042.4	149.4	20.6	241.6	103	1208	-893	595.9	131.1	1311	7.178545	893
EW	Cameron	938.6	30.8	45	2581.4	225	12907	-907.8	484.7	1313.2	13132	9.482807	907.8
EW	Jesse	1115.4	205.4	18.2	157.6	91	788	-910	660.4	87.9	879	6.778785	910
EW	Ceri	423.2	1388	73.6	10.4	368	52	964.8	905.6	42	420	6.040255	964.8
EW	Shay	1300	315.4	14.6	93.2	73	466	-984.6	807.7	53.9	539	6.289716	984.6
EW	Sasha	131.6	1188	357	12.4	1785	62	1056.4	659.8	184.7	1847	7.521318	1056.4
EW	Marley	1456	356.8	12.6	69.2	63	346	-1099.2	906.4	40.9	409	6.013715	1099.2
EW	Billie	223.2	1343.4	188.8	10.6	944	53	1120.2	783.3	99.7	997	6.904751	1120.2
EW	Robin	1415.4	237	13.8	129.4	69	647	-1178.4	826.2	71.6	716	6.57368	1178.4
EW	Ronnie	1629.6	308.8	10.4	83.8	52	419	-1320.8	969.2	47.1	471	6.154858	1320.8
EW	Corey	1438.2	100	13.8	518.4	69	2592	-1338.2	769.1	266.1	2661	7.886457	1338.2
EW	Kai	1556.6	107	11.8	488.8	59	2444	-1449.6	831.8	250.3	2503	7.825245	1449.6